  m=
     3000

  n=
     2000

  as=
    +9.24581e-01    +2.23770e-01    +3.73564e-01    +8.75003e-02    +6.40117e-01    +1.80617e-01
    +4.50511e-02    +7.23173e-01    +3.47438e-01    +6.60617e-01    +3.83869e-01    +6.27347e-01
    +2.16498e-02    +9.10570e-01    +8.00559e-01    +7.45847e-01    +8.13113e-01    +3.83306e-01
    +6.17279e-01    +5.75495e-01    +5.30052e-01    +2.75070e-01    +2.48629e-01    +4.51639e-01
    +2.27713e-01    +8.04450e-01    +9.86104e-01    +2.99920e-02    +5.35664e-01    +8.70772e-02
    +8.02091e-01    +9.89145e-01    +6.69463e-02    +9.39398e-01    +1.81775e-02    +6.83839e-01
    +7.83736e-01    +5.34138e-01    +8.85359e-01    +8.99005e-01    +6.25938e-01    +1.37869e-01
    +2.17802e-01    +1.82141e-01    +4.18199e-02    +1.06942e-01    +6.16443e-01    +9.39661e-01
    +3.54456e-01    +4.10629e-01    +9.84349e-01    +9.45579e-01    +6.76645e-01    +9.88302e-01
    +7.66831e-01    +3.36699e-01    +6.62382e-01    +2.44165e-01    +2.95507e-01    +6.80178e-01
    +5.27847e-01    +4.11594e-01    +6.02638e-01    +7.50520e-01    +5.83533e-01    +5.51793e-01
    +5.83571e-01    +5.11820e-01    +8.25927e-02    +7.19570e-01    +9.96156e-01    +3.54534e-01
    +9.71259e-01    +3.46449e-01    +8.86544e-01    +4.54695e-01    +4.13427e-01    +2.17732e-01
    +1.25655e-01    +3.08915e-01    +7.26104e-01    +7.82872e-01    +6.93788e-01    +9.80225e-03
    +8.43213e-01    +9.22332e-01    +7.70954e-01    +4.26599e-02    +3.78186e-01    +7.04340e-01
    +7.29513e-01    +2.24277e-01    +2.69055e-01    +6.73031e-01    +4.77492e-01    +6.23716e-01
    +2.36445e-01    +1.77124e-01    +8.29643e-01    +7.66922e-01    +9.34478e-01    +1.07889e-01
    +1.82228e-01    +9.90953e-02    +4.89764e-01    +1.93245e-01    +8.95892e-01    +9.90896e-02
    +4.41656e-02    +5.57295e-01    +7.72495e-01    +3.11940e-01    +1.78982e-01    +3.38956e-01
    +2.10146e-01    +5.10153e-01    +9.06364e-01    +6.28924e-01    +1.01534e-01    +3.90855e-01
    +5.46166e-02    +5.01283e-01    +4.31721e-01    +9.97560e-01    +8.11603e-01    +4.85652e-01
    +8.94448e-01    +1.37547e-01    +3.90005e-01    +9.27356e-01    +9.17494e-01    +7.13574e-01
    +6.18337e-01    +3.43288e-01    +9.36027e-01    +1.24774e-01    +7.30585e-01    +6.46477e-01
    +8.33152e-01    +3.98282e-01    +7.49822e-01    +8.35221e-01    +3.22460e-01    +5.52262e-01
    +9.79129e-01    +5.49309e-01    +3.30424e-01    +6.19472e-01    +3.60637e-01    +7.56510e-01
    +4.13901e-01    +4.92345e-01    +6.94743e-01    +9.72734e-01    +3.27755e-01    +8.37803e-01
    +7.39072e-01    +9.54174e-01    +3.19226e-02    +3.56869e-01    +6.62654e-01    +2.81502e-01
    +2.30383e-01    +7.11129e-01    +6.24573e-01    +5.90609e-01    +6.60438e-01    +4.75547e-02
    +3.48785e-01    +4.51341e-01    +2.40905e-01    +7.15045e-01    +8.56182e-01    +2.81508e-01
    +7.31051e-01    +1.37763e-01    +8.36723e-01    +1.38602e-01    +5.88209e-01    +3.66157e-01
    +8.06760e-01    +5.03781e-01    +4.89594e-01    +8.77049e-01    +3.53142e-01    +4.49444e-01
    +9.63530e-01    +4.22978e-02    +9.72958e-01    +1.89207e-01    +6.67120e-01    +5.86440e-01
    +6.75112e-01    +3.61022e-01    +6.20278e-01    +8.11151e-01    +1.92575e-02    +8.38735e-02
    +9.74802e-01    +6.51350e-01    +2.31238e-01    +4.03491e-01    +1.22021e-01    +2.68439e-01
    +2.57846e-01    +3.31665e-01    +1.52234e-01    +3.48008e-01    +1.21658e-01    +8.84153e-01
    +9.42784e-02    +9.30041e-01    +3.99020e-01    +4.74015e-02    +3.42374e-01    +7.35966e-01
    +7.94682e-01    +5.44906e-01    +6.86223e-01    +8.93633e-01    +5.47918e-02    +3.03661e-01
    +4.61916e-02    +1.95477e-01    +7.20166e-01    +7.21753e-01    +8.77799e-01    +5.82433e-01
    +7.06843e-02    +9.22745e-01    +8.00372e-01    +2.85947e-01    +5.43663e-01    +9.84776e-01
    +7.15678e-01    +8.38970e-01    +4.33261e-01    +4.70625e-01    +5.60713e-01    +2.69092e-01
    +7.49018e-01    +5.03888e-01    +6.46810e-01    +3.07746e-01    +1.38725e-01    +4.75573e-01
    +3.62459e-01    +7.88113e-01    +7.80296e-01    +6.68512e-01    +1.33504e-01    +2.15559e-02
    +5.59841e-01    +3.00819e-01    +9.39410e-01    +9.80904e-01    +2.86620e-01    +8.00820e-01
    +8.96111e-01    +5.97527e-01    +8.84017e-01    +9.43732e-01    +5.49158e-01    +7.28387e-01
    +5.76758e-01    +2.58575e-02    +4.46531e-01    +6.46302e-01    +5.21203e-01    +3.72313e-01
    +9.37135e-01    +8.29533e-01    +8.49085e-01    +3.72534e-01    +5.93185e-01    +8.72553e-01
    +9.33502e-01    +6.68464e-01    +2.06776e-01    +6.53851e-01    +7.20516e-02    +4.06727e-01
    +6.66932e-01    +9.33726e-01    +8.10950e-01    +4.84548e-01    +7.56749e-01    +4.17047e-01
    +9.71786e-01    +9.87975e-01    +8.64148e-01    +3.88884e-01    +4.54742e-01    +2.46687e-01
    +7.84423e-01    +8.82838e-01    +9.13712e-01    +5.58285e-01    +5.98868e-01    +1.48877e-01
    +8.99713e-01    +4.50394e-01    +2.05672e-01    +8.99651e-01    +7.62586e-01    +8.82486e-01
    +2.84950e-01    +6.73226e-01    +6.64280e-01    +1.22815e-01    +4.07318e-01    +2.75287e-01
    +7.16670e-01    +2.83384e-01    +8.96199e-01    +8.26579e-01    +3.90027e-01    +4.97903e-01
    +6.94805e-01    +8.34369e-01    +6.09630e-01    +5.74737e-01    +3.26042e-01    +4.56425e-01
    +7.13796e-01    +8.84405e-01    +7.20856e-01    +1.86128e-02    +6.74776e-01    +4.38509e-01
    +4.37820e-01    +1.17037e-01    +8.14682e-01    +3.24855e-01    +2.46228e-01    +3.42713e-01
    +3.75692e-01    +5.46554e-01    +5.61920e-01    +3.95822e-01    +3.98131e-01    +5.15367e-01
    +6.57531e-01    +9.50915e-01    +7.22349e-01    +4.00080e-01    +8.31871e-01    +1.34338e-01
    +6.04668e-02    +8.42471e-02    +1.63898e-01    +3.24220e-01    +3.01727e-01    +1.16810e-02
    +5.39905e-01    +9.53727e-02    +1.46515e-01    +6.31141e-01    +8.59320e-01    +9.74222e-01
    +5.70838e-01    +9.96850e-01    +5.53542e-01    +5.15458e-01    +3.30682e-01    +4.30002e-01
    +4.91806e-01    +7.10371e-02    +8.87739e-01    +6.46336e-02    +4.36185e-01    +8.26630e-01
    +3.94535e-01    +6.13475e-01    +8.18641e-01    +8.86235e-01    +9.31112e-01    +1.90785e-01
    +2.58582e-01    +8.97866e-01    +5.93362e-01    +5.03840e-01    +6.12810e-01    +8.19422e-01
    +5.31889e-01    +2.02075e-01    +4.53893e-01    +4.27911e-01    +9.66053e-01    +6.20055e-01
    +6.95390e-01    +7.20165e-01    +3.46895e-01    +5.16990e-01    +5.56695e-01    +1.56495e-01
    +5.62056e-01    +6.94803e-01    +4.26456e-01    +8.36270e-01    +7.31387e-01    +3.60031e-01
    +4.54212e-01    +3.86390e-01    +7.75555e-01    +7.34271e-01    +4.30278e-01    +6.93753e-01
    +9.45213e-01    +7.84233e-01    +7.05572e-01    +1.09334e-01    +3.89931e-01    +5.90905e-01
    +4.59380e-01    +5.03400e-02    +2.28688e-01    +8.34189e-01    +1.56447e-02    +8.63711e-01
    +7.80691e-02    +6.69043e-01    +5.00211e-01    +2.17994e-01    +5.71616e-01    +1.22189e-01
    +6.71166e-01    +5.99586e-01    +5.59762e-02    +5.63430e-02    +1.52501e-01    +1.96211e-02
    +4.35176e-01    +8.32221e-01    +6.17390e-01    +5.20129e-01    +8.63868e-01    +9.76979e-02
    +9.08052e-01    +1.08017e-01    +5.16997e-01    +1.43156e-01    +5.59371e-01    +4.57962e-03
    +7.66682e-01    +8.48709e-01    +9.16821e-01    +9.86968e-01    +5.05133e-01    +2.71422e-01
    +1.00751e-01    +5.07849e-01    +5.85609e-01    +7.62887e-01    +8.29626e-02    +6.61596e-01
    +5.16979e-01    +1.71048e-01    +9.38558e-01    +5.90483e-01    +4.40635e-01    +9.41919e-01
    +6.55914e-01    +4.51946e-01    +8.39697e-01    +5.32624e-01    +5.53887e-01    +6.80066e-01
    +3.67190e-01    +2.39291e-01    +5.78923e-01    +8.66887e-01    +4.06777e-01    +1.12615e-01
    +4.43846e-01    +3.00184e-01    +4.01387e-01    +8.33364e-01    +4.03629e-01    +3.90176e-01
    +3.60449e-01    +1.40255e-01    +2.60130e-01    +8.68151e-02    +4.29397e-01    +2.57283e-01
    +2.97555e-01    +4.24858e-01    +1.19207e-01    +4.95067e-01    +7.06407e-01    +2.43573e-01
    +7.85070e-01    +7.40896e-02    +3.93883e-01    +3.39412e-03    +2.20677e-01    +1.30057e-03
    +1.89180e-01    +1.42484e-01    +2.68076e-01    +1.74892e-01    +1.38649e-01    +5.98886e-01
    +9.01058e-01    +9.39380e-01    +2.21184e-01    +4.82671e-01    +3.76011e-01    +5.23780e-01
    +2.64873e-01    +6.83572e-02    +4.36327e-01    +1.73853e-01    +2.61071e-02    +9.54678e-01
    +4.30597e-01    +9.61559e-01    +7.62414e-01    +7.34866e-03    +6.80039e-01    +7.05951e-01
    +6.45129e-01    +5.52310e-01    +2.18109e-01    +7.72366e-01    +2.28028e-01    +3.70865e-01
    +8.90929e-01    +8.56377e-01    +4.02434e-01    +3.18019e-01    +6.08635e-01    +9.10195e-01
    +9.09098e-01    +5.91594e-01    +3.32571e-01    +8.53064e-01    +4.42398e-01    +9.04355e-01
    +3.31794e-02    +5.32426e-01    +7.16497e-01    +1.79302e-01    +3.36533e-01    +1.87713e-01
    +3.21927e-01    +4.03857e-01    +5.48566e-01    +4.87386e-02    +5.52732e-01    +2.74811e-01
    +2.41502e-01    +2.43145e-01    +1.54159e-01    +9.56416e-01    +9.35661e-01    +8.18714e-01
    +7.28262e-01    +1.75812e-01    +3.60371e-01    +1.88790e-01    +1.19840e-03    +3.16420e-01
    +6.99617e-01    +6.25255e-01    +5.43062e-01    +4.39037e-01    +2.87427e-01    +5.01659e-01
    +7.61546e-01    +7.62408e-01    +5.76056e-01    +7.47663e-01    +6.45535e-01    +1.23220e-01
    +5.04398e-01    +3.47261e-01    +9.21477e-02    +1.47849e-01    +1.98170e-01    +6.72270e-01
    +4.31511e-01    +6.94404e-01    +2.56785e-01    +9.75865e-03    +5.32283e-01    +2.79392e-01
    +9.46230e-01    +9.06443e-01    +3.92685e-01    +2.48552e-02    +6.71437e-01    +8.37171e-01
    +9.71500e-01    +5.69329e-02    +4.50324e-01    +5.82470e-01    +6.86638e-01    +7.19433e-01
    +6.50041e-01    +7.26915e-01    +3.73848e-01    +5.81582e-01    +1.16119e-01    +5.76544e-02
    +9.79765e-01    +2.84824e-01    +5.94974e-01    +9.62161e-01    +1.85778e-01    +1.93040e-01
    +3.41644e-01    +9.32898e-01    +3.90668e-01    +2.73217e-01    +1.51947e-01    +3.97109e-01
    +3.74722e-01    +1.31115e-01    +4.35041e-01    +9.15132e-02    +6.14627e-01    +1.09791e-02
    +5.73260e-01    +7.89730e-01    +2.35367e-01    +4.48020e-01    +5.69358e-01    +6.14014e-02
    +4.96289e-01    +6.42315e-01    +2.21266e-01    +8.37056e-01    +9.71075e-01    +8.46373e-01
    +5.05999e-01    +2.78876e-01    +7.46617e-01    +2.36930e-01    +9.57345e-01    +6.20260e-01
    +6.00262e-01    +1.72605e-01    +9.03467e-02    +2.55262e-01    +8.58571e-01    +9.11067e-01
    +6.99634e-01    +7.25182e-01    +2.29886e-01    +5.76053e-01    +8.10628e-01    +4.03843e-01
    +9.88439e-01    +8.99988e-02    +3.20941e-01    +5.11409e-01    +6.06064e-02    +7.25688e-01
    +5.56556e-01    +5.29360e-01    +8.29982e-01    +8.58759e-01    +7.89029e-01    +3.17833e-01
    +4.52207e-01    +7.52228e-01    +1.09862e-01    +1.09742e-01    +2.69884e-01    +5.24637e-01
    +9.72651e-01    +7.10409e-01    +3.11860e-01    +2.91457e-01    +8.50357e-01    +9.11647e-01
    +6.39276e-01    +2.55370e-01    +8.86658e-02    +8.38256e-01    +5.84719e-01    +9.48109e-01
    +6.10289e-02    +5.84641e-01    +2.85108e-01    +8.27732e-01    +1.90986e-01    +4.42530e-01
    +3.93412e-01    +8.26574e-01    +6.76871e-01    +2.07603e-01    +3.18105e-01    +1.33811e-01
    +6.71463e-01    +5.70991e-01    +1.69767e-01    +1.47656e-01    +4.76080e-01    +9.08102e-01
    +5.52175e-01    +3.29399e-02    +5.38629e-02    +8.05063e-01    +4.51375e-01    +3.82646e-01
    +7.89644e-01    +3.64287e-01    +5.32350e-01    +7.11657e-01    +8.71477e-01    +3.28690e-01
    +6.50118e-01    +9.74836e-01    +7.59674e-02    +5.87019e-01    +4.13886e-01    +3.09136e-01
    +2.63834e-01    +7.58766e-01    +9.95216e-01    +1.86571e-01    +7.81145e-01    +1.95798e-01
    +9.92359e-01    +8.02262e-01    +4.24227e-01    +7.28864e-01    +4.98354e-01    +8.08990e-01
    +3.56509e-01    +7.32434e-02    +5.90991e-01    +9.10188e-01    +1.93766e-01    +4.32368e-01
    +7.49160e-01    +3.91845e-02    +9.46325e-01    +7.63673e-01    +5.58821e-01    +1.83843e-01
    +4.97949e-01    +5.17846e-01    +9.94243e-01    +8.54852e-01    +9.62404e-01    +6.78941e-01
    +4.03501e-01    +9.34979e-01    +4.79485e-01    +2.31792e-01    +3.96290e-01    +7.05077e-01
    +5.58559e-01    +7.56631e-01    +9.95481e-01    +9.62431e-01    +5.35067e-01    +9.63870e-01
    +1.15626e-01    +5.14483e-02    +3.04349e-01    +5.80192e-01    +5.30964e-01    +9.01208e-01
    +5.40550e-01    +4.31981e-01    +5.42667e-01    +7.12415e-01    +1.66747e-02    +8.00921e-01
    +1.42509e-01    +4.78474e-01    +2.56835e-01    +3.69092e-01    +6.61765e-01    +1.69609e-01
    +2.78784e-01    +1.98222e-01    +1.95072e-01    +3.26840e-01    +8.80338e-01    +4.71102e-01
    +4.03969e-01    +1.79231e-01    +9.68925e-01    +4.07456e-01    +8.44487e-01    +6.15325e-01
    +3.76611e-01    +8.77182e-01    +7.84852e-01    +4.64954e-01    +8.13977e-01    +8.98444e-01
    +4.29239e-01    +3.34329e-01    +5.96647e-01    +9.01991e-01    +7.02066e-01    +3.77455e-01
    +7.34956e-01    +9.54103e-01    +5.42813e-01    +5.40106e-01    +3.11110e-01    +7.12346e-02
    +1.81980e-01    +9.29889e-02    +4.63489e-01    +9.33251e-03    +9.15026e-01    +6.42742e-01
    +1.41906e-03    +3.03853e-02    +2.08470e-01    +4.54966e-01    +1.27266e-01    +8.64769e-03
    +7.27080e-01    +3.54116e-01    +7.80446e-01    +4.36657e-01    +4.36555e-01    +4.92132e-02
    +4.96319e-02    +9.11002e-02    +5.94037e-01    +2.41084e-01    +8.41369e-01    +8.57213e-01
    +9.63612e-01    +4.88900e-01    +2.20310e-01    +2.26209e-01    +5.36788e-01    +7.62110e-01
    +3.47567e-01    +4.61232e-01    +6.39324e-01    +9.17336e-01    +1.61573e-01    +7.15635e-01
    +5.77739e-01    +4.33299e-01    +8.84243e-01    +3.93052e-01    +1.78975e-01    +6.33334e-01
    +6.24001e-01    +3.27942e-01    +8.02965e-01    +9.99478e-01    +9.80978e-01    +1.27037e-01
    +2.32240e-01    +2.36325e-02    +6.07433e-01    +1.10809e-01    +4.07460e-01    +8.84077e-01
    +5.48133e-01    +3.69003e-01    +2.08346e-01    +4.40943e-01    +9.56196e-01    +1.24026e-01
    +4.70763e-01    +8.56896e-01    +4.33905e-02    +6.91625e-01    +9.78985e-01    +2.83268e-01
    +1.33780e-01    +6.85280e-01    +9.09455e-01    +6.10869e-01    +8.99983e-01    +1.93434e-01
    +7.54425e-01    +3.46261e-01    +4.18625e-01    +1.55720e-01    +8.19001e-01    +6.24924e-01
    +7.38560e-01    +8.05112e-01    +6.72227e-02    +9.50790e-01    +4.97577e-01    +7.55146e-01
    +7.42405e-01    +8.31130e-01    +1.56502e-01    +4.57309e-01    +6.18100e-01    +9.32183e-01
    +8.35088e-01    +8.95424e-01    +5.82519e-01    +5.82747e-01    +8.54926e-01    +3.48657e-02
    +8.85420e-01    +4.07731e-01    +3.63820e-02    +7.46148e-01    +1.54829e-01    +1.43908e-01
    +6.05959e-01    +2.54481e-01    +3.24154e-01    +4.01791e-01    +4.06373e-01    +3.86191e-01
    +6.09802e-01    +1.66891e-01    +1.88092e-01    +9.46289e-02    +3.23186e-01    +7.69597e-01
    +2.34118e-01    +7.40365e-01    +6.92818e-01    +8.24078e-01    +8.27978e-01    +2.93368e-01
    +3.09369e-01    +5.23030e-01    +3.25299e-01    +8.31843e-01    +8.10295e-01    +5.56998e-01
    +2.62964e-01    +6.80566e-01    +2.33653e-01    +4.56425e-01    +3.84567e-01    +5.38601e-01
    +9.91704e-01    +7.55220e-01    +9.80455e-01    +2.34783e-01    +5.28559e-01    +5.14361e-02
    +7.56875e-01    +6.01980e-01    +8.57169e-01    +9.88277e-01    +9.29484e-01    +4.09515e-01
    +3.41462e-04    +5.40878e-01    +2.07731e-01    +2.19284e-01    +3.25806e-01    +9.59494e-02
    +7.47534e-01    +7.48509e-01    +5.43299e-01    +3.38132e-01    +8.32334e-01    +5.52572e-01
    +9.57543e-01    +8.92833e-01    +3.56504e-01    +5.46402e-01    +3.46682e-01    +6.22803e-01
    +7.96625e-01    +7.45875e-01    +1.25536e-01    +8.22394e-01    +2.51505e-02    +4.14429e-01
    +7.31407e-01    +7.81374e-01    +3.67286e-01    +7.44868e-01    +8.92267e-01    +2.42603e-01
    +1.29597e-01    +2.25068e-01    +3.50014e-01    +2.87085e-01    +9.27488e-01    +5.13138e-02
    +5.92667e-01    +1.62899e-01    +8.38406e-01    +1.67561e-01    +5.02201e-01    +9.99329e-01
    +3.55407e-01    +4.70777e-02    +2.13661e-01    +3.97839e-01    +3.33668e-01    +2.29603e-01
    +9.36120e-01    +6.83189e-01    +9.62114e-01    +4.37973e-01    +9.40337e-01    +5.83432e-03
    +6.10307e-01    +8.01076e-01    +2.32982e-01    +9.32469e-01    +7.63263e-01    +8.26450e-01
    +5.73464e-01    +7.92582e-01    +3.29041e-01    +2.23462e-01    +3.12386e-01    +5.84523e-01
    +8.29914e-01    +2.90462e-01    +4.02554e-01    +8.62057e-01    +6.14740e-01    +9.91188e-01
    +2.03699e-01    +8.27209e-01    +6.75862e-01    +2.48949e-01    +4.75786e-01    +3.99075e-01
    +5.99438e-01    +8.00523e-01    +1.05069e-01    +8.21442e-01    +8.41086e-01    +3.54506e-01
    +4.30069e-01    +5.72239e-01    +7.00825e-01    +7.42470e-01    +7.57884e-01    +3.89129e-01
    +4.29302e-01    +9.56345e-01    +5.72971e-01    +8.49722e-01    +2.76345e-01    +6.22324e-01
    +5.88362e-01    +9.63468e-01    +8.59027e-02    +5.00499e-01    +5.21590e-01    +9.01660e-02
    +9.04666e-01    +8.84389e-01    +4.38990e-01    +7.81723e-01    +1.48465e-01    +6.19816e-01
    +2.60624e-01    +4.45656e-01    +8.44000e-01    +1.96205e-01    +3.03852e-01    +4.83295e-01
    +3.37812e-01    +7.98486e-01    +9.87488e-01    +1.59048e-01    +2.36880e-01    +7.02237e-01
    +3.75472e-01    +9.73705e-01    +9.72306e-01    +6.43698e-01    +8.60099e-01    +4.01883e-01
    +6.31931e-01    +9.85237e-01    +5.59477e-01    +9.33592e-01    +7.20343e-01    +4.84039e-01
    +6.39031e-01    +8.87637e-01    +1.98737e-01    +3.95366e-01    +9.92175e-01    +4.02352e-01
    +6.58856e-01    +9.01348e-01    +9.95382e-01    +6.53163e-01    +1.08436e-01    +3.61140e-02
    +6.18091e-01    +5.67144e-01    +9.61965e-01    +7.46105e-01    +6.62516e-01    +5.23313e-01
    +2.59894e-01    +9.61994e-01    +5.40204e-01    +3.02702e-02    +6.96314e-01    +5.19716e-01
    +5.90306e-02    +8.90036e-01    +3.30202e-01    +2.29701e-01    +1.13949e-01    +3.10923e-01
    +2.28432e-01    +6.51997e-01    +6.61601e-02    +2.75431e-01    +2.81820e-01    +8.80066e-01
    +4.44330e-01    +7.55914e-01    +6.03296e-01    +7.83266e-01    +1.13931e-01    +9.78564e-01
    +8.48597e-01    +5.06465e-02    +4.66202e-01    +3.25653e-01    +6.30205e-01    +2.30299e-01
    +5.79885e-01    +6.03156e-01    +5.99879e-01    +4.48428e-01    +3.54235e-02    +5.13815e-01
    +4.07730e-01    +1.08046e-01    +4.59876e-01    +4.50883e-01    +5.51140e-01    +8.05404e-01
    +7.00850e-01    +8.72236e-01    +5.21922e-02    +2.19681e-01    +4.59642e-01    +9.58534e-01
    +7.90045e-01    +4.51875e-01    +3.33428e-01    +5.90953e-02    +7.40905e-01    +5.06795e-01
    +1.99925e-01    +4.27194e-01    +1.68690e-01    +7.51695e-01    +3.68351e-01    +9.41818e-01
    +1.71725e-02    +8.29056e-01    +6.26591e-01    +5.38747e-01    +6.50508e-01    +7.26630e-01
    +9.44886e-02    +8.77574e-01    +1.43621e-02    +2.94303e-01    +1.79915e-01    +9.26294e-01
    +6.81804e-02    +5.81093e-01    +6.37151e-01    +6.51269e-01    +8.64622e-01    +5.59525e-02
    +8.16855e-01    +5.28922e-01    +6.94351e-01    +2.12405e-01    +5.43280e-01    +7.02520e-01
    +9.56435e-01    +4.44542e-01    +8.53978e-02    +5.73401e-02    +6.29450e-01    +7.96179e-01
    +6.91191e-01    +3.45308e-01    +9.46817e-01    +5.20190e-01    +9.53813e-01    +7.35956e-02
    +2.07032e-01    +7.75028e-01    +9.14188e-01    +7.82551e-01    +2.95534e-01    +1.51846e-01
    +8.47911e-01    +7.84855e-01    +2.70832e-01    +2.27811e-01    +3.21023e-01    +8.29562e-01
    +8.22182e-01    +5.70683e-01    +5.71830e-01    +2.86018e-01    +6.99134e-01    +7.96258e-01
    +4.41589e-01    +4.46216e-01    +4.65662e-01    +2.79039e-01    +6.75375e-01    +9.03665e-01
    +9.08526e-01    +7.47197e-01    +2.60512e-01    +6.89638e-01    +1.31831e-01    +1.23501e-01
    +1.90903e-01    +1.45732e-01    +5.85044e-01    +7.33617e-02    +8.22326e-01    +7.22903e-01
    +9.25858e-01    +4.92639e-01    +6.54883e-01    +8.90123e-01    +5.38526e-01    +2.82205e-01
    +9.75958e-01    +3.64255e-02    +3.26245e-01    +9.73014e-01    +3.65033e-01    +3.09150e-01
    +1.20912e-01    +9.15766e-01    +1.35478e-01    +3.32118e-01    +8.97480e-01    +4.99649e-01
    +6.15288e-01    +5.83133e-01    +6.98254e-01    +2.93323e-02    +5.27883e-01    +3.20728e-02
    +8.27142e-01    +3.39986e-01    +8.46711e-01    +2.46070e-01    +5.81491e-01    +9.37677e-01
    +4.77873e-02    +5.39777e-02    +2.06180e-02    +6.81479e-01    +5.98629e-01    +1.14030e-01
    +7.96245e-01    +6.17851e-01    +7.02135e-02    +6.92790e-02    +1.36007e-01    +7.88891e-01
    +9.23985e-02    +2.37869e-01    +2.43648e-01    +1.04822e-01    +8.58353e-01    +6.98200e-01
    +7.33742e-01    +6.50531e-01    +5.16271e-01    +3.26388e-01    +6.61776e-01    +1.17565e-01
    +1.47817e-01    +1.97647e-02    +9.64292e-01    +9.70373e-01    +1.23861e-01    +4.67410e-01
    +6.56694e-01    +2.90186e-01    +7.54537e-01    +5.58118e-01    +4.27793e-01    +2.67194e-01
    +7.53736e-01    +8.98376e-01    +7.28444e-01    +4.06830e-01    +9.38316e-01    +2.55427e-01
    +5.33163e-01    +9.54755e-01    +2.67748e-01    +2.50085e-01    +9.27673e-01    +6.85823e-02
    +2.99400e-01    +5.91584e-01    +2.03299e-01    +6.35883e-01    +7.98370e-01    +5.01701e-01
    +6.50812e-01    +7.95955e-01    +2.33374e-01    +6.00839e-01    +1.12462e-01    +5.15766e-01
    +8.37841e-01    +9.20790e-01    +4.98228e-01    +2.77611e-01    +6.52520e-01    +9.17299e-01
    +5.09839e-01    +9.74191e-01    +1.97279e-01    +1.11185e-01    +2.97354e-01    +3.96419e-01
    +4.20756e-01    +3.11475e-01    +6.93843e-01    +9.18718e-02    +4.02089e-01    +2.95181e-01
    +3.06497e-01    +1.05561e-01    +5.93828e-01    +2.82728e-01    +1.55222e-01    +6.58668e-04
    +2.83595e-01    +5.50811e-01    +8.70902e-01    +4.22534e-02    +9.04722e-01    +1.30974e-01
    +8.33729e-01    +8.00468e-01    +9.17880e-01    +1.37304e-01    +5.04732e-01    +4.04958e-01
    +1.73572e-01    +5.75184e-01    +6.06218e-01    +2.14446e-01    +5.19932e-01    +9.89186e-01
    +4.89915e-01    +6.94873e-01    +4.11422e-01    +3.47767e-02    +2.92832e-01    +8.01442e-01
    +3.46502e-01    +8.33159e-02    +5.11106e-01    +3.66833e-01    +7.39480e-01    +5.24740e-01
    +8.04521e-01    +8.16911e-01    +1.89471e-01    +1.23693e-01    +8.20996e-01    +6.37898e-01
    +1.61198e-02    +8.95955e-01    +5.15375e-01    +5.44522e-01    +6.06442e-01    +7.60436e-01
    +8.55347e-01    +3.82868e-01    +8.46492e-02    +7.33873e-01    +3.31989e-01    +8.39750e-01
    +3.71723e-01    +8.28215e-01    +1.76519e-01    +1.29520e-01    +8.79884e-01    +4.40791e-02
    +6.86720e-01    +7.33773e-01    +4.37172e-01    +3.79839e-01    +9.79657e-01    +3.98993e-01
    +4.40187e-01    +1.56808e-01    +3.26034e-01    +3.14062e-01    +8.94501e-01    +2.47024e-01
    +3.10679e-01    +4.08869e-01    +7.08011e-01    +1.43638e-01    +8.71322e-01    +8.31559e-02
    +4.61738e-01    +3.03890e-02    +7.53201e-01    +7.00043e-01    +2.14512e-01    +6.79905e-01
    +5.57293e-01    +8.50679e-01    +5.58565e-01    +9.01774e-01    +4.19518e-01    +3.58128e-01
    +4.88988e-01    +2.55962e-01    +9.29169e-01    +4.66757e-01    +2.54008e-01    +4.31218e-01
    +7.02530e-01    +4.02330e-01    +1.81840e-01    +8.56251e-01    +5.84201e-01    +3.73579e-01
    +2.21695e-01    +2.18994e-01    +5.22232e-01    +4.33423e-01    +7.41304e-01    +7.04496e-02
    +8.47333e-01    +6.79880e-01    +1.36652e-01    +8.58402e-01    +1.99834e-01    +6.07340e-01
    +5.43045e-01    +1.62325e-01    +5.65307e-03    +7.71485e-01    +7.64788e-01    +4.21069e-01
    +5.68132e-02    +5.85747e-01    +1.74155e-01    +7.28611e-01    +5.34291e-01    +2.53064e-01
    +9.17057e-01    +7.58195e-01    +8.87031e-01    +6.87982e-02    +1.83528e-01    +7.37073e-01
    +6.96715e-01    +7.76993e-01    +5.01903e-01    +4.25497e-01    +6.11237e-01    +8.55772e-01
    +6.70797e-01    +5.23592e-01    +2.98815e-01    +7.03969e-01    +3.81611e-01    +5.67685e-01
    +8.87861e-01    +8.42949e-01    +8.98799e-01    +9.39003e-01    +8.15435e-01    +1.35783e-03
    +3.09070e-03    +8.74688e-02    +2.60727e-01    +2.27987e-02    +4.24085e-01    +3.41065e-01
    +5.41354e-01    +9.26169e-01    +2.98499e-01    +3.38085e-01    +8.59480e-01    +3.40478e-01
    +1.38120e-01    +5.07799e-01    +8.56656e-01    +3.84314e-01    +6.95691e-01    +6.27904e-01
    +4.50388e-01    +4.73618e-01    +9.49706e-01    +8.34976e-02    +2.79829e-01    +4.47007e-01
    +5.87571e-01    +8.77634e-01    +4.69101e-01    +4.37418e-01    +7.46185e-01    +4.67910e-01
    +8.60827e-01    +4.66512e-01    +4.98104e-01    +4.87431e-01    +2.29469e-01    +8.55522e-02
    +6.73833e-02    +8.88391e-01    +2.33168e-01    +8.61596e-01    +7.11735e-01    +8.72813e-01
    +9.38002e-01    +1.39689e-01    +3.93900e-01    +9.80563e-01    +6.44794e-01    +8.96410e-01
    +4.82230e-01    +1.40931e-02    +6.22880e-01    +2.31095e-01    +5.27434e-01    +7.24992e-01
    +6.07416e-01    +5.88366e-01    +4.33435e-01    +2.44173e-01    +4.28960e-01    +1.01775e-02
    +6.08821e-01    +9.57975e-01    +9.54465e-02    +3.55906e-02    +8.86235e-01    +2.46941e-01
    +8.91506e-03    +8.14920e-01    +1.40499e-01    +8.79866e-01    +9.53768e-02    +3.52560e-01
    +5.93421e-01    +5.85182e-01    +6.67682e-01    +6.48027e-01    +4.33369e-01    +1.39759e-01
    +7.51930e-01    +2.41787e-01    +6.50459e-01    +8.57374e-01    +8.43705e-02    +9.72089e-01
    +3.14599e-02    +8.35405e-01    +8.35713e-01    +4.98575e-02    +5.45886e-01    +9.43170e-01
    +3.21473e-01    +8.06467e-01    +6.01399e-01    +7.89620e-01    +7.99185e-01    +4.95648e-02
    +2.83199e-01    +6.53457e-01    +4.89655e-01    +9.72852e-01    +7.48490e-01    +5.67841e-01
    +2.98964e-01    +2.56110e-01    +8.86564e-01    +4.46801e-01    +8.15987e-01    +9.83373e-02
    +8.59593e-01    +2.76290e-02    +8.99156e-01    +8.99936e-01    +5.24106e-01    +1.20200e-01
    +1.77794e-01    +7.06108e-01    +8.31360e-01    +3.48338e-02    +7.57839e-01    +9.57112e-01
    +3.42871e-01    +6.38244e-01    +3.43006e-01    +2.16471e-01    +7.86201e-01    +7.23090e-01
    +2.78839e-01    +5.82431e-01    +4.21006e-01    +9.20687e-02    +2.40273e-02    +4.91146e-01
    +2.78267e-01    +3.39757e-01    +2.87350e-01    +1.70903e-01    +3.99263e-01    +6.97650e-01
    +2.03676e-01    +6.66326e-01    +4.43066e-01    +4.33295e-01    +1.75239e-01    +1.93202e-01
    +6.16421e-01    +2.69011e-01    +5.59678e-01    +9.44784e-01    +7.14472e-01    +6.79220e-01
    +9.59381e-01    +7.75334e-01    +6.07727e-01    +9.48002e-01    +5.96416e-02    +2.68712e-01
    +9.86680e-01    +7.72207e-01    +4.75354e-01    +6.80900e-01    +4.16935e-01    +3.80149e-01
    +2.13270e-01    +3.82938e-01    +2.96678e-02    +4.72321e-01    +3.33373e-01    +9.75845e-01
    +5.55444e-01    +8.46304e-01    +4.08063e-01    +4.62018e-01    +8.26307e-01    +9.91203e-01
    +5.23948e-01    +9.25437e-01    +7.39022e-01    +5.67430e-01    +9.68778e-01    +8.24499e-01
    +9.59609e-01    +6.46346e-01    +3.79573e-01    +4.76575e-01    +9.11890e-01    +1.48539e-02
    +1.56694e-01    +4.71568e-01    +5.42992e-01    +5.96910e-02    +6.58030e-01    +8.89635e-01
    +1.09633e-01    +4.37773e-01    +2.80230e-01    +9.85246e-01    +6.08759e-01    +2.53749e-01
    +1.32615e-01    +5.45005e-01    +8.27804e-01    +8.37006e-01    +8.33349e-01    +2.03715e-01
    +5.44418e-01    +8.74943e-01    +1.21000e-01    +8.56351e-01    +8.99776e-01    +2.17865e-01
    +7.69791e-02    +4.74215e-01    +8.35027e-01    +4.69394e-01    +4.13770e-01    +5.02746e-01
    +1.25440e-01    +1.32285e-01    +8.70475e-01    +6.02950e-01    +2.65302e-01    +8.64803e-01
    +5.81095e-02    +4.57754e-01    +7.22210e-01    +3.38999e-01    +4.01220e-01    +5.26980e-01
    +8.94236e-01    +7.78361e-01    +6.93676e-02    +2.78785e-01    +3.79370e-01    +8.64673e-01
    +4.19960e-01    +2.39877e-01    +5.97655e-01    +4.79404e-01    +8.98548e-01    +9.34709e-01
    +8.17887e-01    +7.08909e-01    +7.43221e-01    +8.99710e-01    +6.52398e-02    +3.35911e-01
    +4.33507e-03    +8.28096e-01    +5.07435e-01    +3.66162e-01    +2.26640e-01    +5.34832e-01
    +2.89485e-01    +6.83709e-02    +8.49707e-02    +6.83395e-02    +4.09816e-01    +1.23381e-01
    +4.43017e-01    +8.98940e-01    +3.53639e-01    +1.20178e-01    +5.69111e-01    +8.75033e-01
    +3.48575e-01    +4.19210e-02    +1.42340e-01    +7.65928e-02    +7.40527e-01    +4.56525e-01
    +6.68249e-01    +6.99246e-01    +5.71357e-01    +6.28693e-01    +8.77764e-01    +6.62352e-01
    +8.75414e-01    +4.67517e-01    +1.41336e-01    +6.81345e-02    +7.14242e-01    +3.07986e-01
    +6.71164e-01    +6.52421e-01    +5.31049e-01    +7.15107e-01    +5.04811e-01    +4.87999e-01
    +4.97838e-01    +9.35976e-01    +3.89282e-01    +1.17145e-01    +2.40424e-01    +6.84908e-01
    +8.39254e-01    +9.70145e-01    +2.15170e-01    +7.60343e-01    +5.84103e-01    +4.02952e-01
    +5.10040e-01    +4.95644e-01    +6.51368e-01    +7.43706e-01    +3.01953e-01    +8.96119e-02
    +8.25965e-01    +3.89587e-01    +7.75305e-01    +1.79369e-01    +1.09361e-01    +9.05158e-01
    +8.76351e-01    +9.99793e-01    +8.64255e-01    +3.68775e-02    +5.44682e-01    +9.97616e-01
    +5.11008e-01    +8.73512e-01    +7.02215e-02    +9.87539e-01    +9.22713e-01    +5.64261e-01
    +4.31462e-01    +3.37845e-01    +7.20723e-01    +1.36556e-02    +3.74060e-01    +9.22685e-01
    +5.46480e-01    +4.73887e-01    +4.96537e-01    +3.08971e-01    +9.50838e-01    +9.81993e-01
    +5.13563e-01    +9.92590e-01    +4.55844e-01    +4.26041e-01    +2.13215e-01    +1.93249e-01
    +8.32754e-01    +7.26637e-01    +5.29746e-01    +8.29081e-01    +5.11874e-01    +5.51962e-01
    +2.13285e-01    +5.87821e-01    +1.42763e-01    +5.22235e-02    +6.83308e-01    +6.08559e-01
    +2.19656e-01    +4.06280e-01    +6.29908e-01    +5.55308e-01    +1.27579e-01    +1.69198e-01
    +9.99418e-04    +4.18162e-01    +4.88486e-01    +1.59869e-01    +6.66839e-01    +1.79204e-02
    +1.19675e-01    +9.52125e-01    +9.75854e-01    +3.09145e-02    +4.93882e-01    +8.62722e-01
    +2.42876e-01    +8.34270e-01    +8.13591e-01    +6.28973e-01    +2.23820e-03    +3.79724e-01
    +9.04406e-01    +6.80352e-01    +3.78823e-01    +6.31955e-01    +2.43270e-01    +5.71413e-01
    +9.81729e-01    +8.49682e-01    +2.83444e-01    +6.82458e-01    +3.58125e-01    +9.86927e-01
    +8.39863e-02    +2.50306e-01    +8.11347e-01    +8.44231e-02    +5.31254e-01    +8.00623e-01
    +7.38823e-01    +1.41663e-01    +4.37894e-01    +3.50380e-01    +4.78497e-01    +5.87403e-01
    +1.45806e-01    +9.05331e-01    +6.40194e-01    +1.62940e-01    +5.65911e-01    +9.31616e-01
    +7.83102e-01    +6.85687e-01    +4.66219e-01    +2.60318e-01    +5.69268e-01    +2.48771e-01
    +3.19302e-01    +9.10802e-01    +8.85220e-01    +7.94589e-01    +9.25810e-01    +1.78840e-01
    +5.17541e-01    +6.27005e-01    +9.13182e-01    +6.63968e-01    +3.89193e-01    +7.40008e-01
    +8.17635e-01    +6.00345e-01    +8.49971e-02    +9.22358e-01    +5.35978e-02    +5.27025e-01
    +1.18853e-01    +3.80143e-01    +8.12833e-01    +2.44096e-01    +8.84423e-01    +7.12647e-01
    +3.78148e-01    +2.48920e-01    +2.52854e-01    +7.67244e-01    +4.98619e-02    +6.85289e-01
    +6.20278e-01    +7.46685e-01    +9.77256e-01    +3.83914e-01    +2.60206e-01    +8.77470e-01
    +8.06096e-01    +4.61121e-01    +9.09617e-02    +5.64269e-01    +1.87383e-01    +5.31690e-01
    +3.55033e-01    +3.14784e-01    +7.26741e-01    +5.15773e-01    +7.90645e-01    +2.04493e-01
    +6.78106e-01    +5.24855e-02    +8.01172e-01    +6.78569e-01    +9.46009e-01    +9.15581e-02
    +9.08438e-01    +5.09953e-01    +6.14904e-01    +3.16071e-01    +7.74875e-02    +8.50614e-01
    +1.44527e-01    +3.70486e-01    +6.22391e-01    +9.97552e-01    +5.17344e-01    +9.90511e-01
    +2.26534e-01    +3.98005e-01    +6.96569e-01    +6.46408e-02    +7.47662e-01    +4.20400e-01
    +8.11317e-01    +3.79605e-01    +3.19068e-01    +9.86051e-01    +7.18181e-01    +4.13183e-01
    +9.86302e-02    +7.34559e-01    +6.37306e-01    +7.38419e-02    +1.20508e-01    +9.81596e-01
    +4.96799e-01    +2.24137e-02    +5.38315e-02    +1.40874e-01    +8.93474e-01    +4.65820e-01
    +5.60857e-01    +4.94456e-01    +6.77855e-02    +8.97647e-01    +2.88565e-01    +2.69047e-01
    +5.94194e-01    +4.75879e-01    +3.68311e-01    +6.55611e-01    +9.38200e-01    +6.20425e-01
    +2.82840e-01    +2.05181e-01    +4.39134e-01    +2.72502e-02    +8.76184e-01    +6.10092e-01
    +2.03592e-01    +5.19917e-01    +5.38243e-02    +8.62187e-01    +4.42935e-01    +5.48009e-01
    +5.66861e-01    +6.80395e-01    +3.71379e-01    +7.82287e-02    +4.56351e-01    +4.78438e-02
    +7.38257e-01    +3.80015e-02    +9.54244e-01    +7.42372e-01    +9.37450e-01    +5.13364e-01
    +2.40905e-01    +2.59965e-01    +7.58974e-01    +9.93343e-01    +3.56706e-01    +7.52858e-01
    +1.10048e-01    +5.97045e-01    +4.30595e-01    +7.30718e-01    +2.61176e-01    +9.48077e-02
    +4.50963e-01    +6.40075e-01    +1.32039e-01    +4.52822e-01    +6.52200e-01    +8.26998e-01
    +3.08077e-01    +4.02364e-01    +8.84231e-01    +7.00580e-01    +2.41872e-01    +7.59832e-01
    +2.90926e-01    +2.77439e-01    +6.10780e-03    +3.74711e-01    +4.36933e-01    +3.04298e-01
    +2.90860e-01    +2.42516e-01    +9.36684e-01    +8.60190e-01    +3.97228e-01    +4.79419e-01
    +5.64996e-01    +4.89619e-01    +2.69812e-01    +9.89740e-01    +1.83676e-01    +8.61657e-01
    +3.26326e-02    +3.31958e-01    +7.48747e-01    +6.44366e-01    +1.69238e-01    +9.52205e-01
    +5.43270e-01    +2.51413e-01    +5.78572e-01    +9.15477e-01    +8.95597e-01    +4.82507e-01
    +4.42740e-01    +3.11755e-01    +5.53138e-02    +7.53792e-01    +1.31947e-01    +3.55922e-01
    +3.95871e-01    +8.85521e-01    +2.12395e-02    +8.44081e-01    +2.88071e-01    +2.50343e-01
    +4.88380e-01    +7.29036e-01    +2.02616e-01    +2.16276e-01    +9.76335e-01    +5.93236e-01
    +3.04404e-01    +9.67703e-01    +8.95970e-01    +1.90025e-01    +1.79932e-03    +7.11764e-01
    +8.67727e-01    +1.18308e-01    +3.90230e-02    +5.98195e-01    +6.04314e-01    +5.16432e-01
    +7.50740e-03    +6.88933e-01    +9.46020e-01    +8.73536e-01    +1.13276e-01    +3.54569e-01
    +2.41937e-01    +5.60333e-01    +6.12727e-01    +3.00809e-01    +7.98142e-01    +7.95642e-01
    +7.81092e-01    +3.51098e-01    +5.42974e-02    +7.08705e-01    +9.92928e-01    +1.62476e-01
    +1.13566e-01    +9.12875e-01    +4.81657e-01    +8.51806e-01    +8.09914e-01    +1.86760e-01
    +2.47200e-01    +5.41888e-02    +6.08961e-01    +7.77232e-01    +5.11064e-01    +2.77501e-02
    +9.90385e-01    +5.00940e-01    +3.31997e-01    +1.73883e-01    +6.25636e-01    +5.75135e-01
    +7.50985e-01    +1.53519e-01    +3.56787e-01    +1.43951e-01    +8.50608e-01    +3.37870e-01
    +2.75196e-01    +6.01097e-03    +8.01912e-01    +4.97408e-01    +5.37843e-01    +8.70913e-01
    +7.22844e-01    +6.68086e-01    +1.78828e-01    +5.50495e-01    +9.59875e-01    +5.96022e-01
    +8.08571e-01    +9.84532e-01    +8.85924e-01    +2.13837e-01    +3.46301e-02    +4.51124e-01
    +1.37946e-02    +4.73711e-01    +9.51197e-01    +2.48952e-01    +3.86423e-01    +4.31433e-01
    +8.30886e-01    +8.24647e-01    +4.52999e-01    +3.80560e-01    +9.25869e-01    +7.40844e-01
    +7.37633e-01    +9.46916e-01    +5.10100e-01    +7.91879e-01    +4.52174e-01    +8.49199e-01
    +3.90431e-01    +7.38377e-01    +9.76439e-01    +5.23299e-01    +4.29915e-01    +2.07158e-01
    +3.23401e-01    +1.10870e-01    +3.75210e-01    +3.29904e-01    +3.42105e-01    +8.17119e-01
    +5.31685e-01    +5.21122e-01    +7.74310e-01    +1.20263e-01    +6.25450e-01    +3.46649e-01
    +3.34619e-01    +5.74617e-01    +8.63938e-01    +1.98563e-01    +6.72451e-01    +9.01831e-01
    +1.99157e-01    +2.98284e-01    +4.96520e-01    +8.89904e-01    +5.01415e-01    +2.76995e-01
    +5.33958e-01    +5.74250e-01    +4.12804e-01    +1.47637e-02    +7.02765e-01    +5.06747e-01
    +3.81266e-01    +6.49315e-02    +3.58580e-01    +2.34251e-01    +2.03504e-01    +8.13780e-01
    +3.93435e-01    +5.35752e-02    +3.75052e-01    +7.74994e-01    +1.65298e-01    +9.12219e-01
    +3.19206e-01    +3.29780e-01    +2.04236e-01    +7.67215e-01    +6.99731e-02    +9.50034e-01
    +1.58210e-01    +2.86446e-01    +6.87129e-01    +1.41150e-01    +5.12087e-01    +7.21327e-01
    +9.28845e-01    +7.32104e-01    +7.49848e-01    +4.07320e-01    +2.39492e-01    +5.20850e-01
    +2.19077e-01    +8.42388e-01    +6.62933e-01    +8.16235e-01    +7.93878e-01    +4.69105e-01
    +3.09525e-01    +6.87579e-01    +9.86852e-01    +7.69934e-01    +8.29581e-01    +7.06085e-01
    +5.95336e-01    +7.52874e-01    +4.96722e-01    +8.65133e-01    +6.80277e-02    +9.68546e-01
    +9.87563e-02    +5.46977e-01    +4.02970e-01    +1.07040e-01    +7.24166e-01    +6.13682e-01
    +7.82968e-01    +5.66621e-01    +8.11319e-01    +5.76776e-01    +9.44029e-01    +8.71452e-01
    +5.07602e-01    +7.88823e-01    +4.73031e-01    +8.28802e-01    +3.22482e-01    +9.76147e-01
    +2.78211e-01    +7.28308e-02    +7.51224e-01    +8.31189e-01    +9.22338e-01    +3.27024e-01
    +8.04069e-01    +5.38250e-01    +4.63295e-01    +8.20750e-01    +9.51907e-01    +7.62729e-02
    +7.08671e-01    +2.34926e-01    +3.98896e-01    +2.68124e-01    +8.32513e-01    +9.95374e-01
    +6.49751e-01    +7.03953e-01    +9.32303e-01    +6.87653e-01    +5.68354e-01    +3.80848e-01
    +6.34579e-01    +3.63229e-01    +4.07619e-01    +3.68700e-01    +4.68399e-01    +5.03414e-01
    +9.10536e-01    +2.06431e-01    +3.38604e-01    +5.74126e-01    +4.86932e-01    +2.62219e-01
    +5.79593e-01    +8.78328e-01    +6.09502e-02    +4.40876e-01    +8.42580e-02    +5.63238e-01
    +5.39311e-01    +7.68058e-01    +2.33090e-01    +5.87362e-01    +4.58974e-01    +8.60982e-01
    +6.60836e-01    +3.53879e-01    +3.47186e-01    +2.53718e-01    +9.52528e-01    +2.98201e-01
    +1.58406e-01    +3.61297e-01    +7.41629e-01    +7.05900e-01    +7.00892e-01    +6.22579e-03
    +3.74346e-01    +9.01496e-01    +3.18345e-01    +5.97083e-01    +2.97795e-01    +1.25014e-01
    +3.88356e-01    +8.17688e-01    +9.81176e-01    +8.61990e-01    +8.38209e-02    +3.37712e-01
    +2.36129e-01    +3.17805e-01    +9.84448e-01    +5.48251e-01    +7.49251e-01    +8.41852e-01
    +1.66890e-01    +9.03098e-01    +1.05124e-01    +7.45093e-01    +7.29372e-01    +7.17470e-01
    +1.33432e-01    +4.45789e-01    +5.08787e-01    +5.30490e-01    +8.59717e-01    +6.77725e-01
    +8.05838e-01    +5.31243e-01    +9.55896e-01    +6.66769e-02    +5.41518e-01    +2.81660e-01
    +4.80900e-01    +6.84864e-01    +2.08258e-01    +6.08161e-01    +3.26176e-01    +8.80847e-01
    +1.33395e-01    +1.02408e-01    +9.59117e-01    +1.52902e-01    +1.52538e-01    +1.55553e-01
    +8.95694e-02    +4.54425e-01    +6.68896e-01    +8.31302e-01    +7.90235e-01    +7.12711e-01
    +4.72598e-01    +7.08588e-01    +9.58059e-01    +5.05776e-01    +3.05053e-01    +7.89811e-01
    +2.36387e-01    +2.34303e-01    +4.64699e-01    +6.19387e-01    +6.15329e-01    +1.22624e-01
    +1.23794e-01    +2.84459e-01    +7.35733e-01    +4.11308e-01    +8.28982e-01    +9.35114e-01
    +3.99067e-01    +5.22114e-02    +5.71186e-01    +7.47670e-01    +3.20244e-01    +4.92934e-01
    +2.21653e-01    +9.39274e-01    +4.82305e-01    +5.39996e-01    +2.21057e-01    +9.59450e-02
    +6.01654e-02    +8.19509e-01    +7.71478e-01    +1.95696e-01    +8.95118e-01    +6.84300e-01
    +6.56846e-01    +9.90381e-01    +3.36918e-02    +4.24253e-01    +4.89984e-01    +5.83504e-01
    +8.32697e-02    +6.60155e-01    +5.23052e-02    +5.56831e-01    +7.12025e-01    +4.87911e-01
    +6.17601e-01    +2.13778e-01    +6.45659e-01    +3.80642e-01    +1.03713e-01    +3.77512e-01
    +2.62861e-01    +2.41286e-01    +6.22924e-01    +5.22928e-01    +4.13238e-01    +2.17792e-01
    +8.58554e-01    +8.61008e-01    +2.83939e-01    +6.15393e-01    +7.79490e-01    +9.54847e-01
    +9.19603e-01    +3.84816e-01    +1.62643e-01    +7.96751e-01    +1.13817e-01    +1.58824e-01
    +3.55828e-01    +8.47759e-01    +5.82781e-01    +5.86178e-01    +9.25838e-01    +5.75078e-01
    +9.97739e-03    +8.09377e-01    +6.08808e-01    +4.79914e-01    +2.68440e-01    +2.58096e-01
    +4.81010e-01    +2.27341e-01    +4.86023e-02    +1.69242e-01    +2.58446e-01    +1.97910e-01
    +6.05693e-01    +8.23704e-01    +8.10615e-01    +8.02237e-01    +7.08113e-01    +8.59378e-01
    +7.81085e-01    +2.03797e-01    +9.93343e-01    +9.36245e-02    +6.50619e-01    +2.15177e-01
    +2.43873e-01    +3.39688e-01    +1.97862e-01    +5.06833e-01    +9.50758e-01    +3.94607e-01
    +5.84465e-01    +6.06537e-01    +7.14643e-01    +4.01536e-01    +8.58691e-01    +9.20485e-01
    +7.50839e-01    +2.85592e-01    +7.96816e-01    +1.42766e-01    +5.04550e-01    +6.10688e-01
    +7.03797e-01    +3.83340e-01    +7.28683e-01    +8.87285e-01    +5.58483e-02    +1.38216e-01
    +8.63065e-01    +4.21746e-01    +4.11314e-01    +9.59141e-01    +7.50245e-01    +9.80997e-01
    +2.33516e-01    +9.62268e-02    +3.84582e-01    +5.00273e-01    +5.70256e-01    +9.76632e-01
    +4.92855e-01    +4.00883e-01    +9.94990e-01    +2.60998e-01    +6.65325e-01    +9.64257e-01
    +6.71151e-01    +2.99175e-01    +5.31127e-01    +1.46318e-03    +8.83789e-01    +4.04384e-01
    +3.01206e-01    +9.50582e-01    +4.60648e-01    +2.87648e-01    +8.46266e-02    +5.82181e-01
    +1.53069e-01    +7.30943e-02    +5.80565e-01    +2.87015e-01    +3.61920e-01    +7.24825e-01
    +8.58312e-01    +3.47916e-01    +9.61746e-01    +9.53569e-01    +2.06037e-01    +7.68245e-01
    +6.15532e-01    +9.18922e-01    +6.02537e-01    +7.02138e-01    +7.43675e-01    +3.85102e-01
    +2.51504e-01    +3.67597e-02    +4.72123e-01    +6.45072e-01    +2.78970e-01    +5.17861e-01
    +2.45667e-01    +2.97508e-01    +6.50474e-01    +8.91393e-01    +8.61106e-01    +2.09915e-01
    +3.99094e-01    +8.87883e-01    +2.56528e-01    +9.66802e-01    +6.19157e-01    +1.65346e-01
    +8.26199e-01    +6.55693e-01    +5.46453e-01    +2.51329e-01    +4.01564e-02    +2.33375e-01
    +3.61113e-01    +6.33455e-01    +9.86098e-01    +2.07157e-01    +7.57084e-01    +8.86328e-01
    +4.72230e-01    +1.58914e-01    +8.10921e-01    +4.76508e-01    +1.16288e-01    +8.75721e-01
    +6.35186e-01    +9.72813e-02    +9.08439e-01    +3.50160e-02    +3.97497e-02    +9.88568e-01
    +6.86182e-01    +3.76689e-01    +5.04324e-01    +7.63496e-01    +4.88748e-02    +7.25928e-01
    +7.01328e-01    +4.58891e-01    +5.82295e-01    +3.39090e-01    +1.70625e-01    +3.99193e-01
    +9.19777e-01    +2.26045e-01    +3.61007e-01    +3.24562e-01    +8.35821e-02    +5.12666e-01
    +8.32865e-01    +9.04613e-01    +7.23596e-01    +3.82996e-01    +2.98017e-01    +6.91712e-01
    +8.80457e-01    +9.24548e-01    +8.12528e-02    +4.82673e-01    +1.28265e-01    +2.52911e-01
    +8.83962e-01    +1.96277e-01    +1.21354e-01    +5.43695e-01    +3.14621e-01    +3.82041e-01
    +7.91539e-01    +8.39179e-01    +6.80236e-01    +4.16922e-01    +6.42890e-01    +2.14081e-01
    +6.17271e-01    +6.75191e-01    +6.01023e-01    +3.46310e-01    +3.64401e-01    +1.71481e-01
    +7.95362e-01    +4.92667e-01    +3.54623e-01    +7.75061e-01    +2.36805e-01    +8.44833e-01
    +8.16527e-01    +8.46228e-01    +3.70187e-01    +3.83230e-01    +8.61335e-01    +4.63909e-01
    +5.70548e-01    +6.95307e-01    +9.60917e-01    +5.46313e-01    +6.36577e-01    +5.70892e-01
    +9.27112e-01    +8.63766e-01    +1.69839e-01    +1.78699e-01    +2.43504e-01    +7.51779e-01
    +1.99134e-01    +9.82941e-01    +7.09639e-01    +1.75436e-01    +8.58297e-01    +9.09411e-01
    +9.61663e-01    +5.70600e-01    +5.62879e-01    +1.76661e-01    +5.13679e-01    +5.48472e-01
    +1.65277e-01    +4.93893e-01    +5.35117e-01    +1.98807e-01    +6.23169e-01    +2.63154e-02
    +3.18791e-01    +5.33000e-01    +3.26774e-01    +6.02190e-01    +3.61933e-01    +1.34921e-01
    +9.13814e-01    +6.40559e-01    +6.58774e-01    +6.75330e-01    +7.44558e-01    +8.42178e-01
    +5.16657e-01    +1.51869e-01    +3.80664e-01    +8.21019e-01    +1.71364e-01    +3.29975e-01
    +9.66472e-01    +8.06293e-01    +2.22188e-01    +9.99773e-01    +6.37387e-02    +4.25483e-01
    +4.04338e-01    +4.00293e-01    +1.11923e-01    +4.24311e-01    +6.13546e-01    +9.88061e-01
    +2.19901e-01    +3.54081e-01    +2.66242e-01    +2.91498e-01    +1.88390e-01    +2.28596e-02
    +4.49404e-01    +2.43640e-01    +8.68727e-01    +5.28611e-01    +9.14135e-01    +9.73930e-01
    +5.85426e-01    +1.18975e-01    +9.26533e-01    +5.93561e-01    +8.83615e-01    +4.24476e-01
    +6.07257e-01    +7.07636e-02    +9.24772e-01    +6.42079e-01    +1.04500e-01    +7.00225e-01
    +3.95804e-01    +8.49048e-02    +2.14479e-01    +2.48799e-01    +2.26653e-01    +7.03004e-01
    +7.54153e-01    +5.47287e-01    +5.53483e-01    +6.30573e-01    +9.85457e-01    +6.34278e-01
    +6.00456e-01    +9.09187e-01    +5.70837e-01    +3.35420e-01    +9.57139e-01    +4.39923e-01
    +6.01543e-01    +7.20262e-01    +6.78778e-01    +2.12759e-01    +8.16234e-02    +2.74479e-01
    +8.67518e-01    +5.59357e-01    +4.64628e-01    +4.30301e-01    +7.73986e-01    +6.53920e-01
    +6.57729e-01    +1.61021e-01    +4.32377e-01    +5.05086e-01    +3.75332e-01    +4.80372e-01
    +3.42421e-01    +7.77146e-01    +3.83944e-01    +7.11556e-01    +4.80933e-01    +7.29180e-01
    +9.37559e-01    +5.17254e-01    +9.03069e-01    +2.18193e-01    +8.73219e-01    +8.26929e-02
    +4.65403e-01    +2.19298e-02    +8.08281e-01    +1.79210e-01    +1.65392e-01    +1.81603e-01
    +6.91437e-01    +2.13764e-01    +2.98105e-01    +7.68335e-01    +5.01150e-01    +9.09465e-01
    +5.78529e-02    +4.36752e-01    +5.72255e-01    +5.65067e-01    +8.23817e-01    +1.26099e-01
    +3.00117e-01    +2.12202e-03    +9.51107e-01    +7.66299e-01    +7.51304e-01    +1.38865e-01
    +3.49320e-01    +1.51341e-01    +4.96721e-01    +8.08652e-01    +6.32869e-01    +6.88401e-01
    +6.39570e-01    +7.29322e-01    +8.59846e-01    +6.26955e-01    +1.80591e-01    +5.73307e-01
    +1.63566e-01    +9.06052e-01    +7.73428e-02    +3.38535e-01    +5.80618e-01    +4.75235e-01
    +8.05320e-01    +5.30778e-01    +2.27310e-01    +7.09485e-01    +1.48633e-01    +6.58116e-01
    +6.33983e-01    +2.29306e-01    +1.82228e-01    +1.66353e-01    +1.49607e-01    +2.02747e-01
    +9.54959e-01    +1.59083e-02    +9.57514e-01    +2.56923e-02    +9.71111e-01    +2.97596e-01
    +5.25073e-01    +8.62339e-01    +8.96405e-01    +1.89011e-01    +6.60720e-01    +9.41231e-01
    +9.75707e-01    +1.07935e-01    +1.78899e-01    +7.46551e-01    +4.94685e-02    +7.12849e-02
    +4.89126e-01    +8.49894e-01    +9.97041e-01    +4.39261e-03    +5.42607e-01    +8.61348e-01
    +9.09139e-01    +8.45351e-01    +8.78873e-01    +7.46182e-01    +1.17489e-01    +5.09022e-01
    +1.68832e-01    +8.31112e-01    +9.28011e-01    +1.69484e-01    +8.83737e-01    +3.87863e-01
    +3.82569e-01    +2.71453e-01    +8.67883e-01    +7.41502e-01    +4.47873e-01    +7.09639e-01
    +9.44331e-01    +1.74118e-01    +2.44596e-01    +6.40929e-01    +8.08613e-01    +8.53371e-01
    +3.98118e-01    +1.15494e-01    +8.02810e-02    +3.60468e-01    +8.28906e-01    +2.14610e-01
    +7.91040e-01    +6.54688e-01    +2.61464e-02    +7.85776e-01    +9.22563e-01    +4.92313e-01
    +8.34012e-01    +1.31354e-01    +7.59783e-01    +9.25736e-01    +8.32708e-01    +2.59401e-01
    +2.13022e-01    +5.22315e-01    +3.97357e-01    +4.79110e-01    +9.93904e-01    +6.04478e-01
    +9.44909e-01    +4.90442e-01    +4.37947e-01    +7.72656e-01    +7.44067e-01    +4.42904e-01
    +5.30001e-02    +8.78218e-02    +7.97986e-01    +6.55582e-01    +3.23356e-02    +5.57067e-01
    +7.19802e-01    +1.10408e-01    +2.16647e-01    +8.11020e-01    +1.38662e-01    +8.81899e-01
    +9.23556e-01    +1.27556e-02    +3.77159e-01    +1.67812e-01    +5.40223e-01    +1.01662e-01
    +3.92677e-02    +9.33229e-01    +9.71592e-01    +3.60928e-01    +6.44205e-01    +6.79473e-02
    +2.07912e-01    +3.96038e-02    +4.69359e-01    +1.50097e-01    +9.91307e-01    +4.27062e-01
    +9.55372e-01    +7.24247e-01    +5.80892e-01    +5.40258e-01    +7.05441e-01    +5.02888e-03
    +7.82516e-01    +9.26860e-01    +8.29566e-03    +8.24628e-01    +7.67336e-01    +9.97137e-01
    +2.27653e-01    +9.19542e-01    +6.41999e-01    +1.05320e-01    +2.68161e-01    +7.63844e-01


  difa=
    -4.36318e-14

  difb=
    -5.47340e-14

  bedge=
    +1.81627e+00

  chk0=
    +3.34024e-16

  chk0=
    +3.20561e-16

  chk0=
    +6.54585e-16

  xyz=
    +1.65630e+00    +1.37987e+00    +1.37227e+00

  xyz=
    +1.65630e+00    +1.37987e+00    +1.37227e+00

  chk0=
    +1.34581e-15

  edge,observed=
    +1.80638e+00

  edge,exact=
    +1.81627e+00

  relative error=
    -5.44641e-03

  lambda,observed=
    +2.71441e+00

  lambda,exact=
    +2.67268e+00

  relative error=
    +1.56127e-02

